49.139038
10	33	0.012121
10	32	0.021212
8	34	0.022727
13	36	0.016667
20	24	0.012121
12	32	0.001515
12	37	0.022727
28	1	0.010606
26	17	0.022727
27	5	0.013636
15	21	0.012121
21	16	0.022727
22	41	0.022727
17	30	0.022727
27	14	0.019697
19	5	0.009091
19	12	0.015152
19	23	0.009091
0	23	0.010606
24	26	0.022727
6	10	0.022727
2	22	0.022727
9	0	0.022727
26	1	0.010606
22	9	0.004545
25	13	0.012121
3	18	0.022727
29	1	0.001515
20	43	0.021212
15	23	0.003030
29	19	0.007576
16	40	0.013636
13	38	0.001515
23	20	0.012121
29	43	0.001515
22	36	0.006061
3	21	0.010606
29	42	0.022727
18	24	0.010606
11	11	0.022727
6	12	0.007576
13	39	0.015152
25	8	0.021212
5	9	0.010606
4	14	0.003030
4	9	0.007576
18	3	0.022727
9	29	0.010606
1	4	0.019697
11	8	0.001515
17	31	0.010606
15	4	0.003030
15	19	0.015152
6	15	0.003030
7	38	0.021212
11	40	0.009091
16	39	0.007576
28	7	0.022727
2	27	0.001515
14	35	0.013636
14	15	0.019697
1	2	0.013636
0	25	0.022727
7	29	0.012121
2	2	0.009091
23	27	0.021212
12	35	0.009091
16	31	0.012121
24	13	0.010606
4	28	0.022727
5	6	0.022727
21	20	0.010606
8	33	0.010606
